[
    {
        "name": "oasis_stop_n_go",
        "portal_name": "kickback",
        "parent_co": "321",
        "include_locations_group": [],
        "exclude_locations_group": [
            72024,
            71373,
            71374,
            71375,
            70873,
            70872,
            70870,
            70869,
            70865,
            71146,
            71147,
            71144,
            71145,
            71142,
            71101,
            72148,
            74100,
            74713,
            75557,
            75558,
            75559,
            71141,
            71320,
            71321,
            72095,
            71322
        ]
    }
]